28
18
21
20
10
35
46
2
13
30
23
41
10
44
45
16
29
28
8
31
5
47
33
32
27
13
28
47
14
17
39
34
3
11
19
11
7
48
26
27
48
48
33
12
3
1
43
27
37
29
23
33
17
49
25
6
30
7
10
25
12
15
35
15
10
26
6
37
2
2
39
6
7
9
44
4
3
47
3
26
36
4
35
46
11
49
43
21
41
0
6
39
25
37
2
8
17
45
34
2
15
8
0
23
1
42
25
36
25
43
21
19
27
15
41
35
9
40
47
20
47
40
23
28
3
17
20
8
3
34
23
30
20
9
38
34
37
28
0
9
0
24
39
19
38
11
30
45
42
18
5
2
47
9
2
11
7
39
32
21
42
17
36
6
22
26
11
49
29
33
4
10
23
42
32
3
30
45
21
43
1
11
4
18
34
6
0
6
36
18
17
43
44
6
26
45
2
31
26
39
30
22
13
42
42
19
32
1
25
35
12
33
26
35
16
14
17
26
19
13
41
32
2
48
49
42
34
0
46
4
34
44
24
14
5
46
16
44
6
34
40
14
48
31
31
1
0
48
38
3
4
20
16
27
25
18
5
23
20
21
8
17
24
10
13
9
42
14
29
16
14
22
4
12
36
46
15
28
30
17
37
11
36
31
15
14
11
41
43
40
18
12
5
24
46
18
9
12
10
19
5
32
39
21
2
35
15
16
19
20
32
47
25
0
39
5
13
39
7
37
21
47
22
38
29
28
22
4
43
19
32
23
7
25
40
43
46
5
26
47
46
41
3
37
40
14
7
37
17
15
32
24
19
30
13
1
27
1
18
23
12
28
0
34
5
15
31
48
16
36
20
22
8
34
10
22
24
11
33
46
41
45
10
37
27
29
38
9
48
36
8
35
13
21
44
7
40
42
7
24
14
39
10
45
22
41
45
49
31
48
3
44
46
15
25
47
20
7
21
43
27
35
0
45
44
8
48
28
19
49
9
33
12
38
33
1
33
38
26
35
11
29
4
14
13
1
16
45
41
35
40
5
31
26
34
20
33
37
16
31
16
9
24
22
12
36
23
38
31
10
42
18
44
29
30
42
29
49
2
24
1
49
32
40
8
49
6
18
5
43
18
13
8
27
38
29
44
27
22
30
22
12
40
12
4
49
17
24
41
28
38
36
