66
21
4
15
31
54
89
98
13
72
11
90
26
84
80
24
60
66
35
62
44
93
64
70
71
13
60
94
17
48
1
54
97
27
47
29
33
86
57
60
85
81
68
18
59
42
75
64
96
65
56
68
48
91
81
28
66
43
26
82
22
19
54
20
33
51
25
99
59
45
1
27
32
30
84
38
59
91
43
58
55
45
54
92
29
76
78
3
90
40
25
5
83
96
37
35
15
80
55
98
20
29
40
10
41
90
82
51
82
78
3
46
61
23
92
52
30
92
83
47
82
89
11
67
98
23
49
29
45
56
54
65
48
33
89
9
97
66
41
26
11
16
0
46
0
28
72
80
8
11
38
44
91
30
45
34
33
0
69
3
73
16
51
28
2
52
28
87
65
64
39
26
10
72
69
44
72
75
4
79
42
34
45
21
53
25
40
42
50
10
49
77
77
23
52
80
45
62
58
5
71
14
12
90
98
46
70
41
83
55
22
68
58
75
18
86
2
52
10
14
88
69
59
85
91
73
9
40
95
39
56
77
6
17
43
95
18
79
28
50
94
7
86
55
62
42
40
85
98
44
39
47
18
61
81
9
32
9
49
53
36
1
16
25
13
34
73
17
65
20
17
5
38
22
50
94
19
67
71
23
63
25
50
64
20
12
27
90
80
88
21
24
31
8
87
10
34
22
32
49
31
69
0
4
44
50
19
48
46
15
70
93
82
41
1
44
14
4
32
99
3
94
7
96
65
60
8
39
78
47
70
56
32
83
93
78
95
38
58
79
88
92
97
89
95
12
36
96
23
19
68
8
46
67
13
37
61
59
21
6
18
60
41
53
43
1
67
81
14
51
15
7
36
56
26
2
6
27
68
93
78
75
33
0
57
63
99
26
76
53
35
53
14
5
13
31
83
73
36
16
12
4
31
84
7
94
77
76
63
85
87
86
88
19
81
79
15
36
5
76
71
55
41
75
84
35
85
61
47
76
30
69
24
87
64
37
70
99
57
52
34
57
39
17
12
42
20
77
88
84
95
43
62
58
55
49
71
96
20
63
23
30
6
2
24
50
9
0
62
27
74
11
75
57
67
73
63
91
37
8
37
87
69
93
35
86
22
6
31
80
21
7
29
61
97
72
79
97
3
72
2
22
89
24
38
84
48
16
92
66
99
51
