7
18
189
130
39
37
137
80
63
151
56
29
51
23
184
13
4
90
129
152
199
190
172
2
51
43
180
4
120
65
93
73
159
149
174
81
87
0
27
189
61
129
31
94
171
31
124
146
97
93
89
5
52
181
115
75
153
5
183
116
165
175
97
194
99
174
185
91
48
34
7
0
85
82
42
120
162
95
6
80
42
134
76
113
144
135
76
26
118
98
133
4
192
81
71
87
77
193
53
69
67
198
8
156
141
25
65
147
187
120
76
173
72
111
5
96
17
188
101
145
79
123
121
17
56
173
199
109
137
66
62
115
97
1
52
67
94
68
149
13
18
134
59
188
167
111
86
78
31
174
3
118
165
130
140
40
16
163
111
124
110
93
57
85
73
55
50
161
69
137
53
88
71
41
1
64
96
83
197
88
2
48
74
4
72
83
107
90
150
119
8
124
96
164
178
175
22
88
194
140
186
167
37
111
139
116
179
128
38
3
10
9
147
35
43
11
0
91
187
100
199
188
38
154
147
28
3
57
60
26
107
154
168
138
84
64
109
61
95
94
186
13
196
72
25
9
182
23
17
147
65
164
183
154
77
139
32
18
178
138
117
196
136
101
84
56
73
96
174
102
60
196
21
37
184
19
119
91
89
95
88
134
45
67
167
128
182
166
192
108
36
78
103
178
44
140
15
126
64
179
100
28
3
15
161
76
133
89
145
159
148
22
135
48
116
70
82
165
96
33
81
157
75
98
185
92
16
171
112
150
23
56
68
14
161
48
54
136
46
156
182
103
194
39
177
194
191
42
23
16
102
35
183
105
90
73
110
84
192
16
105
67
132
128
32
141
143
125
197
85
23
44
120
75
168
110
14
131
79
1
180
125
173
30
61
27
108
144
172
25
105
198
60
110
170
116
131
108
21
176
101
106
162
184
50
55
22
151
133
134
79
30
145
28
85
153
83
146
176
35
7
69
191
33
75
116
58
38
71
99
157
88
32
190
46
32
11
90
149
104
36
151
164
83
198
24
136
185
27
186
155
32
183
164
42
89
16
21
195
64
107
114
104
62
99
142
86
10
135
162
129
37
1
156
173
146
66
169
199
158
107
158
159
95
3
34
168
42
40
70
79
40
113
86
143
191
39
70
50
117
14
109
162
91
6
195
54
114
132
38
25
53
35
5
164
127
71
43
176
173
46
160
74
151
156
190
143
145
24
101
105
12
46
34
138
168
86
71
118
85
187
20
36
68
197
176
193
11
7
98
13
2
69
34
77
122
24
80
111
63
188
79
132
103
6
152
17
31
45
149
166
185
68
29
141
174
186
190
125
195
119
142
22
43
59
192
160
86
163
37
8
108
193
181
24
146
177
89
58
90
163
161
19
73
58
190
119
138
21
62
77
65
46
115
100
29
187
135
55
102
33
92
112
115
170
139
143
70
131
166
12
159
20
157
184
1
27
185
150
40
59
166
55
26
114
52
62
142
147
152
102
72
153
169
45
99
15
97
161
122
20
2
125
94
155
175
109
63
124
75
123
47
171
92
51
11
30
137
181
179
92
148
197
87
45
5
49
13
22
41
183
55
182
160
36
52
182
47
175
150
78
126
61
114
154
78
163
142
170
189
118
146
160
104
97
169
126
50
106
9
195
186
160
191
171
110
149
117
170
41
153
87
41
133
45
82
94
189
171
27
121
7
62
4
54
99
123
121
194
196
20
133
155
129
141
107
158
40
28
182
122
157
57
49
136
63
167
138
81
156
12
6
139
152
2
112
68
66
54
172
14
155
120
177
181
178
168
113
114
49
151
122
144
65
53
142
127
68
166
44
84
38
193
121
35
93
176
31
144
127
9
148
15
148
131
119
82
25
26
189
84
18
175
28
150
193
162
109
143
127
39
25
8
130
167
69
19
64
113
192
157
198
103
40
14
195
130
177
106
123
177
93
39
179
66
127
27
199
26
67
8
116
123
128
117
10
162
151
170
41
181
106
10
24
75
132
9
7
125
43
172
153
18
0
77
80
59
104
191
102
48
141
30
47
103
49
20
121
18
155
165
157
180
115
104
89
135
126
188
98
23
101
37
130
51
80
140
88
58
118
197
74
143
22
76
121
51
36
126
137
105
131
74
38
198
83
180
17
10
91
106
11
33
57
54
58
47
117
6
15
134
129
178
124
139
53
132
70
74
136
29
92
12
179
154
189
59
128
112
184
87
33
44
44
19
152
113
187
56
98
165
191
82
169
66
3
144
100
137
60
12
52
49
148
81
159
34
57
180
60
29
112
21
63
195
108
140
122
19
78
145
183
135
50
95
0
172
169
72
61
30
163
100
196
